--------------------------------------------------------
1000000 trials used for all
d | estimation of Vol1_s(d) | Vol1_s(d) (exact) | n_hits
--------------------------------------------------------
0	| 0.000	| 1.000	| 0
1	| 2.000	| 2.000	| 1000000
2	| 3.142	| 3.142	| 785382
3	| 4.185	| 4.189	| 523108
4	| 4.929	| 4.935	| 308087
5	| 5.283	| 5.264	| 165106
6	| 5.170	| 5.168	| 80787
7	| 4.746	| 4.725	| 37079
8	| 4.017	| 4.059	| 15691
9	| 3.332	| 3.299	| 6507
10	| 2.690	| 2.550	| 2627
11	| 1.833	| 1.884	| 895
12	| 1.327	| 1.335	| 324
